000000000000000000000000000000000000000000000000000000000000000000000000000000000000000100000000000000000000000000000000000000
000000000000000000000000000000000000000000000000000000000000000000000000000000000000000100000000000000000000000000000100000000
000000000000000000000000000000000000000000000000000000000000000000000000000000000000000100000000000001000000000000000000000000
000000000000000000000000000000000000000000000000000000000000000000000000000000000000000100000010000000000000000000000000000000
000000000000000000000000000000000000000000000000000000000000000000000000000000000000000100000010000000000000000000000100000000
000000000000000000000000000000000000000000000000000000000000000000000000000000000000000100000010000001000000000000000000000000
000000000000000000000000000000000000000000000000000000000000000000000000000000000000000100010000000000000000000000000000000000
000000000000000000000000000000000000000000000000000000000000000000000000000000000000000100010000000000000000000000000000000001
000000000000000000000000000000000000000000000000000000000000000000000000000000000000000100010000000000000000000000000100000000
000000000000000000000000000000000000000000000000000000000000000000000000000000000000000100010000000001000000000000000000000000
000000000000000000000000000000000000000000000000000000000000000000000000000000000000000100010010000000000000000000000000000000
000000000000000000000000000000000000000000000000000000000000000000000000000000000000000100010010000000000000000000000000000001
000000000000000000000000000000000000000000000000000000000000000000000000000000000000000100010010000000000000000000000100000000
000000000000000000000000000000000000000000000000000000000000000000000000000000000000000100010010000001000000000000000000000000
000000000000000000000000000000000000000000000000000000000000000000001000000000000000000100000000000000000000000000000000000000
000000000000000000000000000000000000000000000000000000000000000000001000000000000000000100000000000001000000000000000000000000
000000000000000000000000000000000000000000000000000000000000000000001000000000000000000100000010000000000000000000000000000000
000000000000000000000000000000000000000000000000000000000000000000001000000000000000000100000010000001000000000000000000000000
000000000000000000000000000000000000000000000000000000000000000000001000000000000000000100010000000000000000000000000000000000
000000000000000000000000000000000000000000000000000000000000000000001000000000000000000100010000000001000000000000000000000000
000000000000000000000000000000000000000000000000000000000000000000001000000000000000000100010010000000000000000000000000000000
000000000000000000000000000000000000000000000000000000000000000000001000000000000000000100010010000001000000000000000000000000
000000000000000000000000000000000000000000000000000000000000000010000000000000000000000100000000000000000000000000000000000000
000000000000000000000000000000000000000000000000000000000000000010000000000000000000000100000000000001000000000000000000000000
000000000000000000000000000000000000000000000000000000000000000010000000000000000000000100000010000000000000000000000000000000
000000000000000000000000000000000000000000000000000000000000000010000000000000000000000100000010000001000000000000000000000000
000000000000000000000000000000000000000000000000000000000000000010000000000000000000000100010000000000000000000000000000000000
000000000000000000000000000000000000000000000000000000000000000010000000000000000000000100010000000001000000000000000000000000
000000000000000000000000000000000000000000000000000000000000000010000000000000000000000100010010000000000000000000000000000000
000000000000000000000000000000000000000000000000000000000000000010000000000000000000000100010010000001000000000000000000000000
000000000000000000000000000000000000000000000000000000000000000010001000000000000000000100000000000000000000000000000000000000
000000000000000000000000000000000000000000000000000000000000000010001000000000000000000100000000000001000000000000000000000000
000000000000000000000000000000000000000000000000000000000000000010001000000000000000000100000010000000000000000000000000000000
000000000000000000000000000000000000000000000000000000000000000010001000000000000000000100000010000001000000000000000000000000
000000000000000000000000000000000000000000000000000000000000000010001000000000000000000100010000000000000000000000000000000000
000000000000000000000000000000000000000000000000000000000000000010001000000000000000000100010000000001000000000000000000000000
000000000000000000000000000000000000000000000000000000000000000010001000000000000000000100010010000000000000000000000000000000
000000000000000000000000000000000000000000000000000000000000000010001000000000000000000100010010000001000000000000000000000000
000000000000000000000000000000000000000000000000000000000000100000000000000000000000000100000000000000000000000000000000000000
000000000000000000000000000000000000000000000000000010000000000000000000000000000000000100000000000000000000000000000000000000
000000000000000000000000000000000000000000000000000010000000000000000000000000000000000100000010000000000000000000000000000000
000000000000000000000000000000000000000000000000000010000000000000000000000000000000000100010000000000000000000000000000000000
000000000000000000000000000000000000000000000000000010000000000000000000000000000000000100010010000000000000000000000000000000
000000000000000000000000000000000000001000000000000000000000000000000000000000000000000100000000000000000000000000000000000000
000000000000000000000000000000000000001000000000000000000000000000000000000000000000000100000000000001000000000000000000000000
000000000000000000000000000000000000001000000000000000000000000000000000000000000000000100000010000000000000000000000000000000
000000000000000000000000000000000000001000000000000000000000000000000000000000000000000100000010000001000000000000000000000000
000000000000000000000000000000000000001000000000000000000000000000000000000000000000000100010000000000000000000000000000000000
000000000000000000000000000000000000001000000000000000000000000000000000000000000000000100010000000001000000000000000000000000
000000000000000000000000000000000000001000000000000000000000000000000000000000000000000100010010000000000000000000000000000000
000000000000000000000000000000000000001000000000000000000000000000000000000000000000000100010010000001000000000000000000000000
000000000000000000000000000000000000001000000000000000000000000000001000000000000000000100000000000000000000000000000000000000
000000000000000000000000000000000000001000000000000000000000000000001000000000000000000100000000000001000000000000000000000000
000000000000000000000000000000000000001000000000000000000000000000001000000000000000000100000010000000000000000000000000000000
000000000000000000000000000000000000001000000000000000000000000000001000000000000000000100000010000001000000000000000000000000
000000000000000000000000000000000000001000000000000000000000000000001000000000000000000100010000000000000000000000000000000000
000000000000000000000000000000000000001000000000000000000000000000001000000000000000000100010000000001000000000000000000000000
000000000000000000000000000000000000001000000000000000000000000000001000000000000000000100010010000000000000000000000000000000
000000000000000000000000000000000000001000000000000000000000000010000000000000000000000100000000000000000000000000000000000000
000000000000000000000000000000000000001000000000000000000000000010000000000000000000000100000000000001000000000000000000000000
000000000000000000000000000000000000001000000000000000000000000010000000000000000000000100000010000000000000000000000000000000
000000000000000000000000000000000000001000000000000000000000000010000000000000000000000100000010000001000000000000000000000000
000000000000000000000000000000000000001000000000000000000000000010000000000000000000000100010000000000000000000000000000000000
000000000000000000000000000000000000001000000000000000000000000010000000000000000000000100010000000001000000000000000000000000
000000000000000000000000000000000000001000000000000000000000000010000000000000000000000100010010000000000000000000000000000000
000000000000000000000000000000000000001000000000000000000000000010000000000000000000000100010010000001000000000000000000000000
000000000000000000000000000000000000001000000000000000000000000010001000000000000000000100000000000000000000000000000000000000
000000000000000000000000000000000000001000000000000000000000000010001000000000000000000100000000000001000000000000000000000000
000000000000000000000000000000000000001000000000000000000000000010001000000000000000000100000010000000000000000000000000000000
000000000000000000000000000000000000001000000000000000000000000010001000000000000000000100000010000001000000000000000000000000
000000000000000000000000000000000000001000000000000000000000000010001000000000000000000100010000000000000000000000000000000000
000000000000000000000000000000000000001000000000000000000000000010001000000000000000000100010000000001000000000000000000000000
000000000000000000000000000000000000001000000000000000000000000010001000000000000000000100010010000000000000000000000000000000
000000000000000000000000000000000000001000000000000010000000000000000000000000000000000100000000000000000000000000000000000000
000000000000000000000000000000000000001000000000000010000000000000000000000000000000000100010000000000000000000000000000000000
000000000000000000000000000000000001000000000000000000000000000000000000000000000000000100000000000000000000000000000000000000
000000000000000000000000000000000001000000000000000000000000000000000000000000000000000100000000000000000000000000000100000000
000000000000000000000000000000000001000000000000000000000000000000000000000000000000000100000000000001000000000000000000000000
000000000000000000000000000000000001000000000000000000000000000000000000000000000000000100000010000000000000000000000000000000
000000000000000000000000000000000001000000000000000000000000000000000000000000000000000100000010000000000000000000000100000000
000000000000000000000000000000000001000000000000000000000000000000000000000000000000000100000010000001000000000000000000000000
000000000000000000000000000000000001000000000000000000000000000000000000000000000000000100010000000000000000000000000000000000
000000000000000000000000000000000001000000000000000000000000000000000000000000000000000100010000000000000000000000000000000001
000000000000000000000000000000000001000000000000000000000000000000000000000000000000000100010000000000000000000000000100000000
000000000000000000000000000000000001000000000000000000000000000000000000000000000000000100010000000001000000000000000000000000
000000000000000000000000000000000001000000000000000000000000000000000000000000000000000100010010000000000000000000000000000000
000000000000000000000000000000000001000000000000000000000000000000000000000000000000000100010010000000000000000000000000000001
000000000000000000000000000000000001000000000000000000000000000000000000000000000000000100010010000000000000000000000100000000
000000000000000000000000000000000001000000000000000000000000000000000000000000000000000100010010000001000000000000000000000000
000000000000000000000000000000000001000000000000000000000000000000001000000000000000000100000000000000000000000000000000000000
000000000000000000000000000000000001000000000000000000000000000000001000000000000000000100000000000001000000000000000000000000
000000000000000000000000000000000001000000000000000000000000000000001000000000000000000100000010000000000000000000000000000000
000000000000000000000000000000000001000000000000000000000000000000001000000000000000000100000010000001000000000000000000000000
000000000000000000000000000000000001000000000000000000000000000000001000000000000000000100010000000000000000000000000000000000
000000000000000000000000000000000001000000000000000000000000000000001000000000000000000100010000000001000000000000000000000000
000000000000000000000000000000000001000000000000000000000000000000001000000000000000000100010010000000000000000000000000000000
000000000000000000000000000000000001000000000000000000000000000000001000000000000000000100010010000001000000000000000000000000
000000000000000000000000000000000001000000000000000000000000000010000000000000000000000100000000000000000000000000000000000000
000000000000000000000000000000000001000000000000000000000000000010000000000000000000000100000000000001000000000000000000000000
000000000000000000000000000000000001000000000000000000000000000010000000000000000000000100000010000000000000000000000000000000
000000000000000000000000000000000001000000000000000000000000000010000000000000000000000100000010000001000000000000000000000000
000000000000000000000000000000000001000000000000000000000000000010000000000000000000000100010000000000000000000000000000000000
000000000000000000000000000000000001000000000000000000000000000010000000000000000000000100010000000001000000000000000000000000
000000000000000000000000000000000001000000000000000000000000000010000000000000000000000100010010000000000000000000000000000000
000000000000000000000000000000000001000000000000000000000000000010000000000000000000000100010010000001000000000000000000000000
000000000000000000000000000000000001000000000000000000000000000010001000000000000000000100000000000000000000000000000000000000
000000000000000000000000000000000001000000000000000000000000000010001000000000000000000100000000000001000000000000000000000000
000000000000000000000000000000000001000000000000000000000000000010001000000000000000000100000010000000000000000000000000000000
000000000000000000000000000000000001000000000000000000000000000010001000000000000000000100000010000001000000000000000000000000
000000000000000000000000000000000001000000000000000000000000000010001000000000000000000100010000000000000000000000000000000000
000000000000000000000000000000000001000000000000000000000000000010001000000000000000000100010000000001000000000000000000000000
000000000000000000000000000000000001000000000000000000000000000010001000000000000000000100010010000000000000000000000000000000
000000000000000000000000000000000001000000000000000000000000000010001000000000000000000100010010000001000000000000000000000000
000000000000000000000000000000000001000000000000000010000000000000000000000000000000000100000000000000000000000000000000000000
000000000000000000000000000000000001000000000000000010000000000000000000000000000000000100000010000000000000000000000000000000
000000000000000000000000000000000001000000000000000010000000000000000000000000000000000100010000000000000000000000000000000000
000000000000000000000000000000000001000000000000000010000000000000000000000000000000000100010010000000000000000000000000000000
000000000000000000000000000000000001001000000000000000000000000000000000000000000000000100000000000000000000000000000000000000
000000000000000000000000000000000001001000000000000000000000000000000000000000000000000100000000000001000000000000000000000000
000000000000000000000000000000000001001000000000000000000000000000000000000000000000000100000010000000000000000000000000000000
000000000000000000000000000000000001001000000000000000000000000000000000000000000000000100000010000001000000000000000000000000
000000000000000000000000000000000001001000000000000000000000000000000000000000000000000100010000000000000000000000000000000000
000000000000000000000000000000000001001000000000000000000000000000000000000000000000000100010000000001000000000000000000000000
000000000000000000000000000000000001001000000000000000000000000000000000000000000000000100010010000000000000000000000000000000
000000000000000000000000000000000001001000000000000000000000000000000000000000000000000100010010000001000000000000000000000000
000000000000000000000000000000000001001000000000000000000000000000001000000000000000000100000000000000000000000000000000000000
000000000000000000000000000000000001001000000000000000000000000000001000000000000000000100000000000001000000000000000000000000
000000000000000000000000000000000001001000000000000000000000000000001000000000000000000100000010000000000000000000000000000000
000000000000000000000000000000000001001000000000000000000000000000001000000000000000000100000010000001000000000000000000000000
000000000000000000000000000000000001001000000000000000000000000000001000000000000000000100010000000000000000000000000000000000
000000000000000000000000000000000001001000000000000000000000000000001000000000000000000100010000000001000000000000000000000000
000000000000000000000000000000000001001000000000000000000000000010000000000000000000000100000000000000000000000000000000000000
000000000000000000000000000000000001001000000000000000000000000010000000000000000000000100000000000001000000000000000000000000
000000000000000000000000000000000001001000000000000000000000000010000000000000000000000100000010000000000000000000000000000000
000000000000000000000000000000000001001000000000000000000000000010000000000000000000000100000010000001000000000000000000000000
000000000000000000000000000000000001001000000000000000000000000010000000000000000000000100010000000000000000000000000000000000
000000000000000000000000000000000001001000000000000000000000000010000000000000000000000100010000000001000000000000000000000000
000000000000000000000000000000000001001000000000000000000000000010000000000000000000000100010010000000000000000000000000000000
000000000000000000000000000000000001001000000000000000000000000010000000000000000000000100010010000001000000000000000000000000
000000000000000000000000000000000001001000000000000000000000000010001000000000000000000100000000000000000000000000000000000000
000000000000000000000000000000000001001000000000000000000000000010001000000000000000000100000000000001000000000000000000000000
000000000000000000000000000000000001001000000000000000000000000010001000000000000000000100000010000000000000000000000000000000
000000000000000000000000000000000001001000000000000000000000000010001000000000000000000100000010000001000000000000000000000000
000000000000000000000000000000000001001000000000000000000000000010001000000000000000000100010000000000000000000000000000000000
000000000000000000000000000000000001001000000000000010000000000000000000000000000000000100000000000000000000000000000000000000
000000000000000000000000000000000100000000000000000000000000000000000000000000000000000100000000000000000000000000000000000000
000000000000000000000000000000000100000000000000000000000000000000000000000000000000000100000000000000000000000000000100000000
000000000000000000000000000000000100000000000000000000000000000000000000000000000000000100000000000001000000000000000000000000
000000000000000000000000000000000100000000000000000000000000000000000000000000000000000100000000010000000000000000000000000000
000000000000000000000000000000000100000000000000000000000000000000000000000000000000000100000010000000000000000000000000000000
000000000000000000000000000000000100000000000000000000000000000000000000000000000000000100000010000000000000000000000100000000
000000000000000000000000000000000100000000000000000000000000000000000000000000000000000100000010000001000000000000000000000000
000000000000000000000000000000000100000000000000000000000000000000000000000000000000000100000010010000000000000000000000000000
000000000000000000000000000000000100000000000000000000000000000000000000000000000000000100010000000000000000000000000000000000
000000000000000000000000000000000100000000000000000000000000000000000000000000000000000100010000000000000000000000000000000001
000000000000000000000000000000000100000000000000000000000000000000000000000000000000000100010000000000000000000000000100000000
000000000000000000000000000000000100000000000000000000000000000000000000000000000000000100010000000001000000000000000000000000
000000000000000000000000000000000100000000000000000000000000000000000000000000000000000100010000010000000000000000000000000000
000000000000000000000000000000000100000000000000000000000000000000000000000000000000000100010010000000000000000000000000000000
000000000000000000000000000000000100000000000000000000000000000000000000000000000000000100010010000000000000000000000000000001
000000000000000000000000000000000100000000000000000000000000000000000000000000000000000100010010000000000000000000000100000000
000000000000000000000000000000000100000000000000000000000000000000000000000000000000000100010010000001000000000000000000000000
000000000000000000000000000000000100000000000000000000000000000000000000000000000000000100010010010000000000000000000000000000
000000000000000000000000000000000100000000000000000000000000000000000000000000000000010100010000000000000000000000000000000000
000000000000000000000000000000000100000000000000000000000000000000000000000000000000010100010000000001000000000000000000000000
000000000000000000000000000000000100000000000000000000000000000000000000000000000000010100010010000000000000000000000000000000
000000000000000000000000000000000100000000000000000000000000000000000000000010000000000100010000000000000000000000000000000000
000000000000000000000000000000000100000000000000000000000000000000000000000010000000000100010000000001000000000000000000000000
000000000000000000000000000000000100000000000000000000000000000000000000000010000000000100010010000000000000000000000000000000
000000000000000000000000000000000100000000000000000000000000000000000000000010000000010100010000000000000000000000000000000000
000000000000000000000000000000000100000000000000000000000000000000000000000010000000010100010010000000000000000000000000000000
000000000000000000000000000000000100000000000000000000000000000000001000000000000000000100000000000000000000000000000000000000
000000000000000000000000000000000100000000000000000000000000000000001000000000000000000100000000000001000000000000000000000000
000000000000000000000000000000000100000000000000000000000000000000001000000000000000000100000010000000000000000000000000000000
000000000000000000000000000000000100000000000000000000000000000000001000000000000000000100000010000001000000000000000000000000
000000000000000000000000000000000100000000000000000000000000000000001000000000000000000100010000000000000000000000000000000000
000000000000000000000000000000000100000000000000000000000000000000001000000000000000000100010000000001000000000000000000000000
000000000000000000000000000000000100000000000000000000000000000000001000000000000000000100010010000000000000000000000000000000
000000000000000000000000000000000100000000000000000000000000000000001000000000000000000100010010000001000000000000000000000000
000000000000000000000000000000000100000000000000000000000000000000001000000000000000010100010000000000000000000000000000000000
000000000000000000000000000000000100000000000000000000000000000000001000000000000000010100010010000000000000000000000000000000
000000000000000000000000000000000100000000000000000000000000000000001000000010000000000100010000000000000000000000000000000000
000000000000000000000000000000000100000000000000000000000000000000001000000010000000000100010010000000000000000000000000000000
000000000000000000000000000000000100000000000000000000000000000010000000000000000000000100000000000000000000000000000000000000
000000000000000000000000000000000100000000000000000000000000000010000000000000000000000100000000000001000000000000000000000000
000000000000000000000000000000000100000000000000000000000000000010000000000000000000000100000010000000000000000000000000000000
000000000000000000000000000000000100000000000000000000000000000010000000000000000000000100000010000001000000000000000000000000
000000000000000000000000000000000100000000000000000000000000000010000000000000000000000100010000000000000000000000000000000000
000000000000000000000000000000000100000000000000000000000000000010000000000000000000000100010000000001000000000000000000000000
000000000000000000000000000000000100000000000000000000000000000010000000000000000000000100010010000000000000000000000000000000
000000000000000000000000000000000100000000000000000000000000000010000000000000000000000100010010000001000000000000000000000000
000000000000000000000000000000000100000000000000000000000000000010000000000000000000010100010000000000000000000000000000000000
000000000000000000000000000000000100000000000000000000000000000010000000000000000000010100010010000000000000000000000000000000
000000000000000000000000000000000100000000000000000000000000000010000000000010000000000100010000000000000000000000000000000000
000000000000000000000000000000000100000000000000000000000000000010000000000010000000000100010010000000000000000000000000000000
000000000000000000000000000000000100000000000000000000000000000010000000000010000000010100010000000000000000000000000000000000
000000000000000000000000000000000100000000000000000000000000000010001000000000000000000100000000000000000000000000000000000000
000000000000000000000000000000000100000000000000000000000000000010001000000000000000000100000000000001000000000000000000000000
000000000000000000000000000000000100000000000000000000000000000010001000000000000000000100000010000000000000000000000000000000
000000000000000000000000000000000100000000000000000000000000000010001000000000000000000100000010000001000000000000000000000000
000000000000000000000000000000000100000000000000000000000000000010001000000000000000000100010000000000000000000000000000000000
000000000000000000000000000000000100000000000000000000000000000010001000000000000000000100010000000001000000000000000000000000
000000000000000000000000000000000100000000000000000000000000000010001000000000000000000100010010000000000000000000000000000000
000000000000000000000000000000000100000000000000000000000000000010001000000000000000000100010010000001000000000000000000000000
000000000000000000000000000000000100000000000000000000000000000010001000000000000000010100010000000000000000000000000000000000
000000000000000000000000000000000100000000000000000000000000000010001000000010000000000100010000000000000000000000000000000000
000000000000000000000000000000000100000000000000000000100000000000000000000000000000000100010000000000000000000000000000000000
000000000000000000000000000000000100000000000000000000100000000000000000000000000000000100010000000000000000000000000000000001
000000000000000000000000000000000100000000000000000000100000000000000000000000000000000100010010000000000000000000000000000000
000000000000000000000000000000000100000000000000000000100000000000000000000000000000000100010010000000000000000000000000000001
000000000000000000000000000000000100000000000000000001000000000000000000000000000000000100010010000000000000000000000000000000
000000000000000000000000000000000100000000000000000001000000000000000000000000000000000100010010000000000000000000000100000000
000000000000000000000000000000000100000000000000000001000000000000000000000000000000000100010010010000000000000000000000000000
000000000000000000000000000000000100000000000000000001000000000000000000000000000000010100010010000000000000000000000000000000
000000000000000000000000000000000100000000000000000001000000000000000000000010000000000100010010000000000000000000000000000000
000000000000000000000000000000000100000000000000000001000000000000001000000000000000000100010010000000000000000000000000000000
000000000000000000000000000000000100000000000000000001000000000010000000000000000000000100010010000000000000000000000000000000
000000000000000000000000000000000100000000000000000001000000000010001000000000000000000100010010000000000000000000000000000000
000000000000000000000000000000000100000000000000000010000000000000000000000000000000000100000000000000000000000000000000000000
000000000000000000000000000000000100000000000000000010000000000000000000000000000000000100000010000000000000000000000000000000
000000000000000000000000000000000100000000000000000010000000000000000000000000000000000100010000000000000000000000000000000000
000000000000000000000000000000000100000000000000000010000000000000000000000000000000000100010010000000000000000000000000000000
000000000000000000000000000000000100000100000000000000000000000000000000000000000000000100000010000000000000000000000000000000
000000000000000000000000000000000100000100000000000000000000000000000000000000000000000100010010000000000000000000000000000000
000000000000000000000000000000000100001000000000000000000000000000000000000000000000000100000000000000000000000000000000000000
000000000000000000000000000000000100001000000000000000000000000000000000000000000000000100000000000001000000000000000000000000
000000000000000000000000000000000100001000000000000000000000000000000000000000000000000100000010000000000000000000000000000000
000000000000000000000000000000000100001000000000000000000000000000000000000000000000000100000010000001000000000000000000000000
000000000000000000000000000000000100001000000000000000000000000000000000000000000000000100010000000000000000000000000000000000
000000000000000000000000000000000100001000000000000000000000000000000000000000000000000100010000000001000000000000000000000000
000000000000000000000000000000000100001000000000000000000000000000000000000000000000000100010010000000000000000000000000000000
000000000000000000000000000000000100001000000000000000000000000000000000000000000000000100010010000001000000000000000000000000
000000000000000000000000000000000100001000000000000000000000000000000000000000000000010100010000000000000000000000000000000000
000000000000000000000000000000000100001000000000000000000000000000000000000010000000000100010000000000000000000000000000000000
000000000000000000000000000000000100001000000000000000000000000000001000000000000000000100000000000000000000000000000000000000
000000000000000000000000000000000100001000000000000000000000000000001000000000000000000100000000000001000000000000000000000000
000000000000000000000000000000000100001000000000000000000000000000001000000000000000000100000010000000000000000000000000000000
000000000000000000000000000000000100001000000000000000000000000000001000000000000000000100010000000000000000000000000000000000
000000000000000000000000000000000100001000000000000000000000000000001000000000000000000100010000000001000000000000000000000000
000000000000000000000000000000000100001000000000000000000000000000001000000000000000000100010010000000000000000000000000000000
000000000000000000000000000000000100001000000000000000000000000010000000000000000000000100000000000000000000000000000000000000
000000000000000000000000000000000100001000000000000000000000000010000000000000000000000100000000000001000000000000000000000000
000000000000000000000000000000000100001000000000000000000000000010000000000000000000000100000010000000000000000000000000000000
000000000000000000000000000000000100001000000000000000000000000010000000000000000000000100000010000001000000000000000000000000
000000000000000000000000000000000100001000000000000000000000000010000000000000000000000100010000000000000000000000000000000000
000000000000000000000000000000000100001000000000000000000000000010000000000000000000000100010000000001000000000000000000000000
000000000000000000000000000000000100001000000000000000000000000010000000000000000000000100010010000000000000000000000000000000
000000000000000000000000000000000100001000000000000000000000000010000000000000000000000100010010000001000000000000000000000000
000000000000000000000000000000000100001000000000000000000000000010001000000000000000000100000000000000000000000000000000000000
000000000000000000000000000000000100001000000000000000000000000010001000000000000000000100000000000001000000000000000000000000
000000000000000000000000000000000100001000000000000000000000000010001000000000000000000100000010000000000000000000000000000000
000000000000000000000000000000000100001000000000000000000000000010001000000000000000000100010000000000000000000000000000000000
000000000000000000000000000000000100001000000000000000000000000010001000000000000000000100010000000001000000000000000000000000
000000000000000000000000000000000100001000000000000000000000000010001000000000000000000100010010000000000000000000000000000000
000000000000000000000000000000000100001000000000000000100000000000000000000000000000000100010000000000000000000000000000000000
000000000000000000000000000000000100001000000000000000100000000000000000000000000000000100010010000000000000000000000000000000
000000000000000000000000000000000100001000000000000001000000000000000000000000000000000100010010000000000000000000000000000000
000000000000000000000000000000000100001000000000000010000000000000000000000000000000000100000000000000000000000000000000000000
000000000000000000000000000000000100001000000000000010000000000000000000000000000000000100010000000000000000000000000000000000
000000000000000000000000000000000101000000000000000000000000000000000000000000000000000100000000000000000000000000000000000000
000000000000000000000000000000000101000000000000000000000000000000000000000000000000000100000000000000000000000000000100000000
000000000000000000000000000000000101000000000000000000000000000000000000000000000000000100000000000001000000000000000000000000
000000000000000000000000000000000101000000000000000000000000000000000000000000000000000100000010000000000000000000000000000000
000000000000000000000000000000000101000000000000000000000000000000000000000000000000000100000010000000000000000000000100000000
000000000000000000000000000000000101000000000000000000000000000000000000000000000000000100000010000001000000000000000000000000
000000000000000000000000000000000101000000000000000000000000000000000000000000000000000100010000000000000000000000000000000000
000000000000000000000000000000000101000000000000000000000000000000000000000000000000000100010000000000000000000000000000000001
000000000000000000000000000000000101000000000000000000000000000000000000000000000000000100010000000000000000000000000100000000
000000000000000000000000000000000101000000000000000000000000000000000000000000000000000100010000000001000000000000000000000000
000000000000000000000000000000000101000000000000000000000000000000000000000000000000000100010010000000000000000000000000000000
000000000000000000000000000000000101000000000000000000000000000000000000000000000000000100010010000000000000000000000000000001
000000000000000000000000000000000101000000000000000000000000000000000000000000000000000100010010000000000000000000000100000000
000000000000000000000000000000000101000000000000000000000000000000000000000000000000000100010010000001000000000000000000000000
000000000000000000000000000000000101000000000000000000000000000000000000000000000000010100010000000000000000000000000000000000
000000000000000000000000000000000101000000000000000000000000000000000000000000000000010100010010000000000000000000000000000000
000000000000000000000000000000000101000000000000000000000000000000000000000010000000000100010000000000000000000000000000000000
000000000000000000000000000000000101000000000000000000000000000000000000000010000000000100010010000000000000000000000000000000
000000000000000000000000000000000101000000000000000000000000000000001000000000000000000100000000000000000000000000000000000000
000000000000000000000000000000000101000000000000000000000000000000001000000000000000000100000000000001000000000000000000000000
000000000000000000000000000000000101000000000000000000000000000000001000000000000000000100000010000000000000000000000000000000
000000000000000000000000000000000101000000000000000000000000000000001000000000000000000100000010000001000000000000000000000000
000000000000000000000000000000000101000000000000000000000000000000001000000000000000000100010000000000000000000000000000000000
000000000000000000000000000000000101000000000000000000000000000000001000000000000000000100010000000001000000000000000000000000
000000000000000000000000000000000101000000000000000000000000000000001000000000000000000100010010000000000000000000000000000000
000000000000000000000000000000000101000000000000000000000000000000001000000000000000000100010010000001000000000000000000000000
000000000000000000000000000000000101000000000000000000000000000010000000000000000000000100000000000000000000000000000000000000
000000000000000000000000000000000101000000000000000000000000000010000000000000000000000100000000000001000000000000000000000000
000000000000000000000000000000000101000000000000000000000000000010000000000000000000000100000010000000000000000000000000000000
000000000000000000000000000000000101000000000000000000000000000010000000000000000000000100000010000001000000000000000000000000
000000000000000000000000000000000101000000000000000000000000000010000000000000000000000100010000000000000000000000000000000000
000000000000000000000000000000000101000000000000000000000000000010000000000000000000000100010000000001000000000000000000000000
000000000000000000000000000000000101000000000000000000000000000010000000000000000000000100010010000000000000000000000000000000
000000000000000000000000000000000101000000000000000000000000000010000000000000000000000100010010000001000000000000000000000000
000000000000000000000000000000000101000000000000000000000000000010000000000000000000010100010000000000000000000000000000000000
000000000000000000000000000000000101000000000000000000000000000010000000000010000000000100010000000000000000000000000000000000
000000000000000000000000000000000101000000000000000000000000000010001000000000000000000100000000000000000000000000000000000000
000000000000000000000000000000000101000000000000000000000000000010001000000000000000000100000000000001000000000000000000000000
000000000000000000000000000000000101000000000000000000000000000010001000000000000000000100000010000000000000000000000000000000
000000000000000000000000000000000101000000000000000000000000000010001000000000000000000100000010000001000000000000000000000000
000000000000000000000000000000000101000000000000000000000000000010001000000000000000000100010000000000000000000000000000000000
000000000000000000000000000000000101000000000000000000000000000010001000000000000000000100010000000001000000000000000000000000
000000000000000000000000000000000101000000000000000000000000000010001000000000000000000100010010000000000000000000000000000000
000000000000000000000000000000000101000000000000000000000000000010001000000000000000000100010010000001000000000000000000000000
000000000000000000000000000000000101000000000000000000100000000000000000000000000000000100010000000000000000000000000000000000
000000000000000000000000000000000101000000000000000000100000000000000000000000000000000100010010000000000000000000000000000000
000000000000000000000000000000000101000000000000000001000000000000000000000000000000000100010010000000000000000000000000000000
000000000000000000000000000000000101000000000000000001000000000000000000000000000000000100010010000000000000000000000100000000
000000000000000000000000000000000101000000000000000001000000000000001000000000000000000100010010000000000000000000000000000000
000000000000000000000000000000000101000000000000000001000000000010000000000000000000000100010010000000000000000000000000000000
000000000000000000000000000000000101000000000000000010000000000000000000000000000000000100000000000000000000000000000000000000
000000000000000000000000000000000101000000000000000010000000000000000000000000000000000100000010000000000000000000000000000000
000000000000000000000000000000000101000000000000000010000000000000000000000000000000000100010000000000000000000000000000000000
000000000000000000000000000000000101000000000000000010000000000000000000000000000000000100010010000000000000000000000000000000
000000000000000000000000000000000101001000000000000000000000000000000000000000000000000100000000000000000000000000000000000000
000000000000000000000000000000000101001000000000000000000000000000000000000000000000000100000000000001000000000000000000000000
000000000000000000000000000000000101001000000000000000000000000000000000000000000000000100000010000000000000000000000000000000
000000000000000000000000000000000101001000000000000000000000000000000000000000000000000100000010000001000000000000000000000000
000000000000000000000000000000000101001000000000000000000000000000000000000000000000000100010000000000000000000000000000000000
000000000000000000000000000000000101001000000000000000000000000000000000000000000000000100010000000001000000000000000000000000
000000000000000000000000000000000101001000000000000000000000000000000000000000000000000100010010000000000000000000000000000000
000000000000000000000000000000000101001000000000000000000000000000000000000000000000000100010010000001000000000000000000000000
000000000000000000000000000000000101001000000000000000000000000000001000000000000000000100000000000000000000000000000000000000
000000000000000000000000000000000101001000000000000000000000000000001000000000000000000100000000000001000000000000000000000000
000000000000000000000000000000000101001000000000000000000000000000001000000000000000000100010000000000000000000000000000000000
000000000000000000000000000000000101001000000000000000000000000000001000000000000000000100010000000001000000000000000000000000
000000000000000000000000000000000101001000000000000000000000000010000000000000000000000100000000000000000000000000000000000000
000000000000000000000000000000000101001000000000000000000000000010000000000000000000000100000000000001000000000000000000000000
000000000000000000000000000000000101001000000000000000000000000010000000000000000000000100000010000000000000000000000000000000
000000000000000000000000000000000101001000000000000000000000000010000000000000000000000100000010000001000000000000000000000000
000000000000000000000000000000000101001000000000000000000000000010000000000000000000000100010000000000000000000000000000000000
000000000000000000000000000000000101001000000000000000000000000010000000000000000000000100010000000001000000000000000000000000
000000000000000000000000000000000101001000000000000000000000000010000000000000000000000100010010000000000000000000000000000000
000000000000000000000000000000000101001000000000000000000000000010000000000000000000000100010010000001000000000000000000000000
000000000000000000000000000000000101001000000000000000000000000010001000000000000000000100000000000000000000000000000000000000
000000000000000000000000000000000101001000000000000000000000000010001000000000000000000100010000000000000000000000000000000000
000000000000000000000000000000000101001000000000000000100000000000000000000000000000000100010000000000000000000000000000000000
000000000000000000000000000000000101001000000000000000100000000000000000000000000000000100010010000000000000000000000000000000
000000000000000000000000000010000000000000000000000000000000000000000000000000000000000100000000000000000000000000000000000000
000000000000000000000000000010000000000000000000000000000000000000000000000000000000000100000010000000000000000000000000000000
000000000000000000000000000010000000000000000000000000000000000000000000000000000000000100010000000000000000000000000000000000
000000000000000000000000000010000000000000000000000000000000000000000000000000000000000100010010000000000000000000000000000000
000000000000000000000000000010000000000000000000000000000000000000001000000000000000000100000000000000000000000000000000000000
000000000000000000000000000010000000000000000000000000000000000000001000000000000000000100010000000000000000000000000000000000
000000000000000000000000000010000000000000000000000000000000000010000000000000000000000100000000000000000000000000000000000000
000000000000000000000000000010000000000000000000000000000000000010000000000000000000000100000010000000000000000000000000000000
000000000000000000000000000010000000000000000000000000000000000010000000000000000000000100010000000000000000000000000000000000
000000000000000000000000000010000000000000000000000000000000000010001000000000000000000100000000000000000000000000000000000000
000000000000000000000000000010000000001000000000000000000000000000000000000000000000000100000000000000000000000000000000000000
000000000000000000000000000010000000001000000000000000000000000000000000000000000000000100000010000000000000000000000000000000
000000000000000000000000000010000000001000000000000000000000000000000000000000000000000100010000000000000000000000000000000000
000000000000000000000000000010000000001000000000000000000000000000000000000000000000000100010010000000000000000000000000000000
000000000000000000000000000010000000001000000000000000000000000000001000000000000000000100000000000000000000000000000000000000
000000000000000000000000000010000000001000000000000000000000000000001000000000000000000100010000000000000000000000000000000000
000000000000000000000000000010000000001000000000000000000000000010000000000000000000000100000000000000000000000000000000000000
000000000000000000000000000010000000001000000000000000000000000010000000000000000000000100010000000000000000000000000000000000
000000000000000000000000000010000000001000000000000000000000000010001000000000000000000100000000000000000000000000000000000000
000000000000000000000000000010000100000000000000000000000000000000000000000000000000000100000000000000000000000000000000000000
000000000000000000000000000010000100000000000000000000000000000000000000000000000000000100000010000000000000000000000000000000
000000000000000000000000000010000100000000000000000000000000000000000000000000000000000100010000000000000000000000000000000000
000000000000000000000000000010000100000000000000000000000000000000000000000000000000000100010010000000000000000000000000000000
000000000000000000000000000010000100000000000000000000000000000000001000000000000000000100000000000000000000000000000000000000
000000000000000000000000000010000100000000000000000000000000000000001000000000000000000100010000000000000000000000000000000000
000000000000000000000000000010000100000000000000000000000000000010000000000000000000000100000000000000000000000000000000000000
000000000000000000000000000010000100000000000000000000000000000010000000000000000000000100010000000000000000000000000000000000
000000000000000000000000000010000100000000000000000001000000000000000000000000000000000100010010000000000000000000000000000000
000000000000000000000000000010000100001000000000000000000000000000000000000000000000000100000000000000000000000000000000000000
000000000000000000000000000010000100001000000000000000000000000000000000000000000000000100000010000000000000000000000000000000
000000000000000000000000000010000100001000000000000000000000000000000000000000000000000100010000000000000000000000000000000000
000000000000000000000000000010000100001000000000000000000000000000000000000000000000000100010010000000000000000000000000000000
000000000000000000000000000010000100001000000000000000000000000000001000000000000000000100000000000000000000000000000000000000
000000000000000000000000000010000100001000000000000000000000000000001000000000000000000100010000000000000000000000000000000000
000000000000000000000000000010000100001000000000000000000000000010000000000000000000000100000000000000000000000000000000000000
000000000000000000000000000010000100001000000000000000000000000010000000000000000000000100010000000000000000000000000000000000
000000000000000000000000000010000100001000000000000001000000000000000000000000000000000100010010000000000000000000000000000000
000000000000000000000100000000000000000000000000000000000000000000000000000000000000000100000000000000000000000000000000000000
000000000000000000000100000000000000000000000000000000000000000000000000000000000000000100000000000000000000000000000100000000
000000000000000000000100000000000000000000000000000000000000000000000000000000000000000100000010000000000000000000000000000000
000000000000000000000100000000000000000000000000000000000000000000000000000000000000000100000010000000000000000000000100000000
000000000000000000000100000000000000000000000000000000000000000000000000000000000000000100010000000000000000000000000000000000
000000000000000000000100000000000000000000000000000000000000000000000000000000000000000100010000000000000000000000000100000000
000000000000000000000100000000000000000000000000000000000000000000000000000000000000000100010010000000000000000000000000000000
000000000000000000000100000000000000000000000000000000000000000000000000000000000000000100010010000000000000000000000100000000
000000000000000000000100000000000000001000000000000000000000000000000000000000000000000100000000000000000000000000000000000000
000000000000000000000100000000000001000000000000000000000000000000000000000000000000000100000000000000000000000000000000000000
000000000000000000000100000000000001000000000000000000000000000000000000000000000000000100000000000000000000000000000100000000
000000000000000000000100000000000001000000000000000000000000000000000000000000000000000100000010000000000000000000000000000000
000000000000000000000100000000000001000000000000000000000000000000000000000000000000000100000010000000000000000000000100000000
000000000000000000000100000000000001000000000000000000000000000000000000000000000000000100010000000000000000000000000000000000
000000000000000000000100000000000001000000000000000000000000000000000000000000000000000100010000000000000000000000000100000000
000000000000000000000100000000000001000000000000000000000000000000000000000000000000000100010010000000000000000000000000000000
000000000000000000000100000000000001000000000000000000000000000000000000000000000000000100010010000000000000000000000100000000
000000000000000000000100000000000100000000000000000000000000000000000000000000000000000100000000000000000000000000000000000000
000000000000000000000100000000000100000000000000000000000000000000000000000000000000000100000000000000000000000000000100000000
000000000000000000000100000000000100000000000000000000000000000000000000000000000000000100000000010000000000000000000000000000
000000000000000000000100000000000100000000000000000000000000000000000000000000000000000100000010000000000000000000000000000000
000000000000000000000100000000000100000000000000000000000000000000000000000000000000000100000010000000000000000000000100000000
000000000000000000000100000000000100000000000000000000000000000000000000000000000000000100000010010000000000000000000000000000
000000000000000000000100000000000100000000000000000000000000000000000000000000000000000100010000000000000000000000000000000000
000000000000000000000100000000000100000000000000000000000000000000000000000000000000000100010000000000000000000000000100000000
000000000000000000000100000000000100000000000000000000000000000000000000000000000000000100010000010000000000000000000000000000
000000000000000000000100000000000100000000000000000000000000000000000000000000000000000100010010000000000000000000000000000000
000000000000000000000100000000000100000000000000000000000000000000000000000000000000000100010010000000000000000000000100000000
000000000000000000000100000000000100000000000000000000000000000000000000000000000000000100010010010000000000000000000000000000
000000000000000000000100000000000100000000000000000001000000000000000000000000000000000100010010000000000000000000000000000000
000000000000000000000100000000000100000000000000000001000000000000000000000000000000000100010010010000000000000000000000000000
000000000000000000000100000000000101000000000000000000000000000000000000000000000000000100000000000000000000000000000000000000
000000000000000000000100000000000101000000000000000000000000000000000000000000000000000100000000000000000000000000000100000000
000000000000000000000100000000000101000000000000000000000000000000000000000000000000000100000010000000000000000000000000000000
000000000000000000000100000000000101000000000000000000000000000000000000000000000000000100000010000000000000000000000100000000
000000000000000000000100000000000101000000000000000000000000000000000000000000000000000100010000000000000000000000000000000000
000000000000000000000100000000000101000000000000000000000000000000000000000000000000000100010000000000000000000000000100000000
000000000000000000000100000000000101000000000000000000000000000000000000000000000000000100010010000000000000000000000000000000
000000000000000000000100000000000101000000000000000000000000000000000000000000000000000100010010000000000000000000000100000000
000000000000000000001000000000000100000000000000000000000000000000000000000000000000000100010000000000000000000000000000000000
000000000000000000001000000000000100000000000000000000000000000000000000000000000000000100010000000001000000000000000000000000
000000000000000000001000000000000100000000000000000000000000000000000000000000000000000100010010000000000000000000000000000000
000000000000000000001000000000000100000000000000000000000000000000000000000000000000000100010010000001000000000000000000000000
000000000000000000001000000000000100000000000000000000000000000000001000000000000000000100010000000000000000000000000000000000
000000000000000000001000000000000100000000000000000000000000000000001000000000000000000100010000000001000000000000000000000000
000000000000000000001000000000000100000000000000000000000000000000001000000000000000000100010010000000000000000000000000000000
000000000000000000001000000000000100000000000000000000000000000000001000000000000000000100010010000001000000000000000000000000
000000000000000000001000000000000100000000000000000000000000000010000000000000000000000100010000000000000000000000000000000000
000000000000000000001000000000000100000000000000000000000000000010000000000000000000000100010000000001000000000000000000000000
000000000000000000001000000000000100000000000000000000000000000010000000000000000000000100010010000000000000000000000000000000
000000000000000000001000000000000100000000000000000000000000000010000000000000000000000100010010000001000000000000000000000000
000000000000000000001000000000000100000000000000000000000000000010001000000000000000000100010000000000000000000000000000000000
000000000000000000001000000000000100000000000000000000000000000010001000000000000000000100010000000001000000000000000000000000
000000000000000000001000000000000100000000000000000000000000000010001000000000000000000100010010000000000000000000000000000000
000000000000000000001000000000000100000000000000000000000000000010001000000000000000000100010010000001000000000000000000000000
000000000000000000001000000000000100001000000000000000000000000000000000000000000000000100010000000000000000000000000000000000
000000000000000000001000000000000100001000000000000000000000000000000000000000000000000100010000000001000000000000000000000000
000000000000000000001000000000000100001000000000000000000000000000000000000000000000000100010010000000000000000000000000000000
000000000000000000001000000000000100001000000000000000000000000000000000000000000000000100010010000001000000000000000000000000
000000000000000000001000000000000100001000000000000000000000000000001000000000000000000100010000000000000000000000000000000000
000000000000000000001000000000000100001000000000000000000000000000001000000000000000000100010000000001000000000000000000000000
000000000000000000001000000000000100001000000000000000000000000010000000000000000000000100010000000000000000000000000000000000
000000000000000000001000000000000100001000000000000000000000000010000000000000000000000100010000000001000000000000000000000000
000000000000000000001000000000000100001000000000000000000000000010000000000000000000000100010010000000000000000000000000000000
000000000000000000001000000000000100001000000000000000000000000010000000000000000000000100010010000001000000000000000000000000
000000000000000000001000000000000100001000000000000000000000000010001000000000000000000100010000000000000000000000000000000000
000000000000000000001000000000000101000000000000000000000000000000000000000000000000000100010000000000000000000000000000000000
000000000000000000001000000000000101000000000000000000000000000000000000000000000000000100010000000001000000000000000000000000
000000000000000000001000000000000101000000000000000000000000000000000000000000000000000100010010000000000000000000000000000000
000000000000000000001000000000000101000000000000000000000000000000000000000000000000000100010010000001000000000000000000000000
000000000000000000001000000000000101000000000000000000000000000000001000000000000000000100010000000000000000000000000000000000
000000000000000000001000000000000101000000000000000000000000000000001000000000000000000100010000000001000000000000000000000000
000000000000000000001000000000000101000000000000000000000000000000001000000000000000000100010010000000000000000000000000000000
000000000000000000001000000000000101000000000000000000000000000000001000000000000000000100010010000001000000000000000000000000
000000000000000000001000000000000101000000000000000000000000000010000000000000000000000100010000000000000000000000000000000000
000000000000000000001000000000000101000000000000000000000000000010000000000000000000000100010000000001000000000000000000000000
000000000000000000001000000000000101000000000000000000000000000010000000000000000000000100010010000000000000000000000000000000
000000000000000000001000000000000101000000000000000000000000000010000000000000000000000100010010000001000000000000000000000000
000000000000000000001000000000000101000000000000000000000000000010001000000000000000000100010000000000000000000000000000000000
000000000000000000001000000000000101000000000000000000000000000010001000000000000000000100010000000001000000000000000000000000
000000000000000000001000000000000101000000000000000000000000000010001000000000000000000100010010000000000000000000000000000000
000000000000000000001000000000000101000000000000000000000000000010001000000000000000000100010010000001000000000000000000000000
000000000000000000001000000000000101001000000000000000000000000000000000000000000000000100010000000000000000000000000000000000
000000000000000000001000000000000101001000000000000000000000000000000000000000000000000100010000000001000000000000000000000000
000000000000000000001000000000000101001000000000000000000000000000000000000000000000000100010010000000000000000000000000000000
000000000000000000001000000000000101001000000000000000000000000000000000000000000000000100010010000001000000000000000000000000
000000000000000000001000000000000101001000000000000000000000000000001000000000000000000100010000000000000000000000000000000000
000000000000000000001000000000000101001000000000000000000000000000001000000000000000000100010000000001000000000000000000000000
000000000000000000001000000000000101001000000000000000000000000010000000000000000000000100010000000000000000000000000000000000
000000000000000000001000000000000101001000000000000000000000000010000000000000000000000100010000000001000000000000000000000000
000000000000000000001000000000000101001000000000000000000000000010000000000000000000000100010010000000000000000000000000000000
000000000000000000001000000000000101001000000000000000000000000010000000000000000000000100010010000001000000000000000000000000
000000000000000000001000000000000101001000000000000000000000000010001000000000000000000100010000000000000000000000000000000000
000000000100000000000000000000000000000000000000000000000000000000000000000000000000000100000000000000000000000000000000000000
000000001000000000000000000000000000000000000000000000000000000000000000000000000000000100000000000000000000000000000000000000
000000001000000000000000000000000000000000000000000000000000000000000000000000000000000100000010000000000000000000000000000000
000000001000000000000000000000000000000000000000000000000000000000000000000000000000000100010000000000000000000000000000000000
000000001000000000000000000000000000000000000000000000000000000000000000000000000000000100010010000000000000000000000000000000
000000001000000000000000000000000001000000000000000000000000000000000000000000000000000100000000000000000000000000000000000000
000000001000000000000000000000000001000000000000000000000000000000000000000000000000000100000010000000000000000000000000000000
000000001000000000000000000000000001000000000000000000000000000000000000000000000000000100010000000000000000000000000000000000
000000001000000000000000000000000001000000000000000000000000000000000000000000000000000100010010000000000000000000000000000000
000000001000000000000000000000000100000000000000000000000000000000000000000000000000000100000000000000000000000000000000000000
000000001000000000000000000000000100000000000000000000000000000000000000000000000000000100000010000000000000000000000000000000
000000001000000000000000000000000100000000000000000000000000000000000000000000000000000100010000000000000000000000000000000000
000000001000000000000000000000000100000000000000000000000000000000000000000000000000000100010010000000000000000000000000000000
000000001000000000000000000000000101000000000000000000000000000000000000000000000000000100000000000000000000000000000000000000
000000001000000000000000000000000101000000000000000000000000000000000000000000000000000100000010000000000000000000000000000000
000000001000000000000000000000000101000000000000000000000000000000000000000000000000000100010000000000000000000000000000000000
000000001000000000000000000000000101000000000000000000000000000000000000000000000000000100010010000000000000000000000000000000
000100000000000000000000000000000000000000000000000000000000000000000000000000000000000100000000000000000000000000000000000000
000100000000000000000000000000000000000000000000000000000000000000000000000000000000000100000010000000000000000000000000000000
000100000000000000000000000000000000000000000000000000000000000000000000000000000000000100010000000000000000000000000000000000
000100000000000000000000000000000000000000000000000000000000000000000000000000000000000100010010000000000000000000000000000000
000100000000000000000000000000000001000000000000000000000000000000000000000000000000000100000000000000000000000000000000000000
000100000000000000000000000000000001000000000000000000000000000000000000000000000000000100000010000000000000000000000000000000
000100000000000000000000000000000001000000000000000000000000000000000000000000000000000100010000000000000000000000000000000000
000100000000000000000000000000000001000000000000000000000000000000000000000000000000000100010010000000000000000000000000000000
000100000000000000000000000000000100000000000000000000000000000000000000000000000000000100000000000000000000000000000000000000
000100000000000000000000000000000100000000000000000000000000000000000000000000000000000100000010000000000000000000000000000000
000100000000000000000000000000000100000000000000000000000000000000000000000000000000000100010000000000000000000000000000000000
000100000000000000000000000000000100000000000000000000000000000000000000000000000000000100010010000000000000000000000000000000
000100000000000000000000000000000101000000000000000000000000000000000000000000000000000100000000000000000000000000000000000000
000100000000000000000000000000000101000000000000000000000000000000000000000000000000000100000010000000000000000000000000000000
000100000000000000000000000000000101000000000000000000000000000000000000000000000000000100010000000000000000000000000000000000
000100000000000000000000000000000101000000000000000000000000000000000000000000000000000100010010000000000000000000000000000000
001000000000000000000000000000000000000000000000000000000000000000000000000000000000000100000000000000000000000000000000000000
001000000000000000000000000000000000000000000000000000000000000000000000000000000000000100000010000000000000000000000000000000
001000000000000000000000000000000000000000000000000000000000000000000000000000000000000100010000000000000000000000000000000000
001000000000000000000000000000000000000000000000000000000000000000000000000000000000000100010010000000000000000000000000000000
001000000000000000000000000000000000001000000000000000000000000000000000000000000000000100000000000000000000000000000000000000
001000000000000000000000000000000000001000000000000000000000000000000000000000000000000100000010000000000000000000000000000000
001000000000000000000000000000000000001000000000000000000000000000000000000000000000000100010000000000000000000000000000000000
001000000000000000000000000000000001000000000000000000000000000000000000000000000000000100000000000000000000000000000000000000
001000000000000000000000000000000001000000000000000000000000000000000000000000000000000100000010000000000000000000000000000000
001000000000000000000000000000000001000000000000000000000000000000000000000000000000000100010000000000000000000000000000000000
001000000000000000000000000000000001000000000000000000000000000000000000000000000000000100010010000000000000000000000000000000
001000000000000000000000000000000100000000000000000000000000000000000000000000000000000100000000000000000000000000000000000000
001000000000000000000000000000000100000000000000000000000000000000000000000000000000000100000010000000000000000000000000000000
001000000000000000000000000000000100000000000000000000000000000000000000000000000000000100010000000000000000000000000000000000
001000000000000000000000000000000100000000000000000000000000000000000000000000000000000100010010000000000000000000000000000000
001000000000000000000000000000000100001000000000000000000000000000000000000000000000000100000000000000000000000000000000000000
001000000000000000000000000000000100001000000000000000000000000000000000000000000000000100010000000000000000000000000000000000
001000000000000000000000000000000101000000000000000000000000000000000000000000000000000100000000000000000000000000000000000000
001000000000000000000000000000000101000000000000000000000000000000000000000000000000000100000010000000000000000000000000000000
001000000000000000000000000000000101000000000000000000000000000000000000000000000000000100010000000000000000000000000000000000
001000000000000000000000000000000101000000000000000000000000000000000000000000000000000100010010000000000000000000000000000000
