000000000000000000000000000000000000000000000000000000000000000000000000000000000000000100000000000000000000000000000000000000
000000000000000000000000000000000000000000000000000000000000000000000000000000000000000100000000000000000000000000000100000000
000000000000000000000000000000000000000000000000000000000000000000000000000000000000000100000000000001000000000000000000000000
000000000000000000000000000000000000000000000000000000000000000000000000000000000000000100000010000000000000000000000000000000
000000000000000000000000000000000000000000000000000000000000000000000000000000000000000100010000000000000000000000000000000000
000000000000000000000000000000000000000000000000000000000000000000001000000000000000000100000000000000000000000000000000000000
000000000000000000000000000000000000000000000000000000000000000010000000000000000000000100000000000000000000000000000000000000
000000000000000000000000000000000000000000000000000010000000000000000000000000000000000100000000000000000000000000000000000000
000000000000000000000000000000000000001000000000000000000000000000000000000000000000000100000000000000000000000000000000000000
000000000000000000000000000000000001000000000000000000000000000000000000000000000000000100000000000000000000000000000000000000
000000000000000000000000000000000100000000000000000000000000000000000000000000000000000100000000000000000000000000000000000000
000000000000000000000000000000000100000000000000000000000000000000000000000000000000010100010000000000000000000000000000000000
000000000000000000000000000000000100000000000000000000000000000000000000000010000000000100010000000000000000000000000000000000
000000000000000000000000000000000100000000000000000000100000000000000000000000000000000100010000000000000000000000000000000000
000000000000000000000000000000000100000000000000000001000000000000000000000000000000000100010010000000000000000000000000000000
000000000000000000000000000010000000000000000000000000000000000000000000000000000000000100000000000000000000000000000000000000
000000000000000000000100000000000000000000000000000000000000000000000000000000000000000100000000000000000000000000000000000000
000000000000000000001000000000000100000000000000000000000000000000000000000000000000000100010000000000000000000000000000000000
001000000000000000000000000000000000000000000000000000000000000000000000000000000000000100000000000000000000000000000000000000
