100100111100001
100100011100101
001001111001100
100100111100001
100100111100101
100100011100101
100100011100111
001001011001110
001001111001100
100100011100010
100100111100101
011010001100110
001001111001100
001000100000000
001001100000000
001001100000000
011010101100100
100100011100101
001001111001101
000101111101101
011010001100110
011011001100100
100100011100101
011010001100101
001000000100000
001001111100000
001001111110000
100110011100100
100100011100101
100100111100011
001010000100000
100100011100111
100100011100001
011011101100100
001001011001100
100100011100110
100100011100100
011010101100100
001001111001100
101010000110010
101010000100000
011000101100100
001010100100000
011010001100100
100100111100101
100100111100101
001001100000000
100100111100101
100101111100101
100100111100100
100100111100101
101010000100000
001001111100100
001001100000001
100100111100100
100100011100101
011000001100101
011010001100110
011001101100101
011010001100100
001001111001101
001001111001100
001000111110100
101101101100101
100100111100101
100100011100111
000101111101101
100100111100101
100100111100111
100100111100101
100100011100111
011000101100101
000000100110100
001001011001100
100101111101001
100101111101101
000001111010100
001001100010000
011011101100100
011011101100100
001000111100100
001000000100000
001001011001100
011010001100100
100100011100100
001001100000000
001001111011101
011011001100101
001000000100000
001001011100000
001000001100101
001000111100100
001001111001101
100110011100100
100100011100100
011010101100101
100100011100101
101010000110000
100100111100101
001000000100000
011010001100100
